trucks_count 1
drones_count 1
customers 10
depot 0 0
Coordinate X         Coordinate Y         Dronable Demand
3738.682118759545    3176.3620564508888   1        0.9255958108248765  
-7332.379353375232   -4188.522793367846   1        0.7478413173478692  
5777.475570492262    -7986.273425724185   1        0.9634110342579557  
6996.942373406358    4418.535163659321    1        0.9908166528639936  
4400.906550671561    2432.3349996395264   1        10.776638065660618  
-1169.2698685472992  3497.237946688962    1        27.380202204619298  
6710.724138902582    -3348.9561871222304  1        0.2506526123531701  
-216.72058856320808  -3938.133905039083   1        0.8925640200120823  
-3536.845602701436   6049.129314355786    1        1.0952132256820593  
586.8106635735363    6329.938959833223    1        0.5507433758448146  
