trucks_count 1
drones_count 1
customers 10
depot 0 0
Coordinate X         Coordinate Y         Dronable Demand
3743.007144637955    -5009.275522462778   1        0.5322860484590978  
6980.5775493611445   -4489.410845993056   1        24.73618368792729   
2493.8233061166425   -7785.0878759983025  1        0.21967587274140646 
-122.23283145985745  -2819.253739799051   1        0.5166462180032019  
-6320.614413064682   -7140.044049629824   1        8.09227928014214    
-2982.6030744846607  4237.778676137429    1        0.582249097386919   
-5843.128867044805   -1890.8468245877339  1        0.32361355828941135 
-5519.194096451929   6272.267842186253    1        0.45365710867237347 
-1717.6507469019675  5188.634539505549    1        0.4060545508062778  
5302.062839960972    -4790.906473425965   1        0.4659934293517964  
