trucks_count 1
drones_count 1
customers 10
depot 0 0
Coordinate X         Coordinate Y         Dronable Demand
3734.3568530707857   -4731.400604445789   1        0.18492555629303634 
-5551.936495921959   -3887.6347407426338  1        0.59483516569088    
-7032.272404942465   7905.941264360283    1        0.5731661957745049  
-1977.282181917079   -4437.075693071958   1        0.33100707082716685 
-970.9727254025424   -4088.685951091122   1        0.4704968263808817  
644.0638170107587    2756.6967376198013   1        0.28729931517943985 
3171.176905039622    -4807.065309846378   1        0.1776916664169288  
5085.753159135858    1944.8638681148855   1        0.1974909144541726  
-5356.040458500904   6909.624089206022    1        18.174247351897815  
-4128.441033193205   1357.3841532820668   1        0.6354933223378328  
