trucks_count 1
drones_count 1
customers 10
depot 0 0
Coordinate X         Coordinate Y         Dronable Demand
7457.180783419839    12365.565028717278   1        0.3313452338148682  
4372.908281111943    14484.964686021034   1        0.39082699164425894 
-5308.138771549942   15275.388049198684   1        0.43083304400133293 
15029.90268926885    -11031.247643588258  1        16.46729392771464   
5190.910292617995    -4108.893957843279   1        0.98509876057311    
-4605.249524237464   14267.551050423      1        0.4686594772720725  
-3096.4381740610565  -2773.488440164049   1        23.04758357722925   
2853.5686862278444   -12609.076763164228  1        0.02671344600949904 
-4834.334345421083   -16072.899408401117  1        0.8132834557938037  
11355.912129913753   -10545.376725123997  1        30.64792895212494   
