trucks_count 1
drones_count 1
customers 10
depot 0 0
Coordinate X         Coordinate Y         Dronable Demand
7465.830835176659    -4005.7096494893653  1        1.0720154714490897  
812.0220865846995    13883.189060391305   1        0.5438331264036294  
-11875.443300301182  15677.759148650446   1        22.646221406536558  
791.5522795364202    6679.974549494998    1        0.1110705547466371  
15934.66836514551    8933.147463997324    1        0.8826423014801295  
-8231.91689535358    15748.632988940628   1        2.4215624514462757  
3982.655814044169    142.73028490494244   1        0.9093580121389755  
-7751.378329549595   7811.726731286444    1        20.044787208348502  
-1195.9446338221508  14392.9115215191     1        0.12412478091802213 
-11400.383517311371  -600.2675916423768   1        1.0417366547331244  
