trucks_count 1
drones_count 1
customers 10
depot 0 0
Coordinate X         Coordinate Y         Dronable Demand
1850.5992805733267   -3174.2237157549935  1        5.7544457760680965  
1366.829652055312    1891.8197250396884   1        0.5557680762103105  
1024.4968781094415   3181.7599977251957   1        0.6052356660156694  
2161.430927379198    -1296.0131170863483  1        0.9423670488964131  
-2302.0566811749904  -219.2563802026993   1        0.8780029057421477  
1908.6770636503347   3904.0747332545684   1        0.47963520074362614 
-3935.9751445870465  -2628.4843719692035  1        1.1302977870001898  
-3953.308107016683   -616.1752832287666   1        0.9164905004681325  
3759.5662767567605   -1293.324691772804   1        1.0200283685110554  
4000.746860015931    -2289.367095865405   1        24.903920292301667  
