trucks_count 1
drones_count 1
customers 10
depot 0 0
Coordinate X         Coordinate Y         Dronable Demand
1851.3201182197286   3508.2033943944534   1        0.4232437573166837  
-1612.1442374570163  -3522.7949104294553  1        0.6067701323951801  
477.22150071350444   3215.2908427427274   1        0.3573239624077718  
974.9017665365532    2862.155399003923    1        0.028323581874561642
1275.4897449321859   3549.813778252409    1        0.46585741374528133 
-3758.011804005891   1345.2648548293123   1        0.7177901475472539  
-3346.050645578277   2979.000401881371    1        0.39863142438052424 
527.4129350334723    -1596.675031992935   1        0.392194880252515   
1380.5319661514993   -1436.7405275495685  1        0.41231547125325524 
-3260.077897158004   -1460.6078815034302  1        14.260345426262639  
