trucks_count 4
drones_count 4
customers 100
depot 0 0
Coordinate X         Coordinate Y         Dronable Demand
11025.745937059615   -16544.46947123915   1        0.2682521959745524  
-8031.249214647097   16766.90185862984    1        0.7717112338588504  
16972.51843026259    15469.222249578472   1        0.5317265844221084  
-3726.857870408769   -22336.476281974257  1        0.385449624265927   
-13945.767056383818  -22133.51467493683   1        0.3587615758119379  
-4188.133436346097   10094.711672299825   1        0.7287658879164263  
9232.701800668601    6263.328120288036    1        0.692532128280361   
23444.475938758962   5636.513972847174    1        0.14799191781352972 
-10188.10974384985   7728.957077236397    1        0.6190604008681259  
-12589.854417723074  -6681.784776527016   1        8.516336766439364   
-8454.65526688824    996.1775710613086    1        0.11318947914761608 
-19938.428769099246  -20548.34316895645   1        0.6096505386237235  
21658.413521141305   -22202.138117188493  1        16.302683554684577  
-14224.998545874681  -2194.650170159268   1        0.0729171246330227  
-10981.197576078383  2931.6815205792655   1        15.51144356433187   
-153.94555897792767  7456.086574021014    1        0.4387958951071049  
10396.640038475938   -20840.058771151536  1        0.06487222652146275 
-10995.553739036799  11923.81948333494    1        0.6928469755442787  
-5459.901608195422   11807.608680558487   1        9.91006217389638    
5294.376953272305    12782.428084844385   1        0.37729398346116305 
4713.246135267125    2542.0775513779927   1        0.2783338314336475  
4654.181772102343    2371.430665181238    1        16.672720179189426  
15600.876784974149   10700.266244161014   1        0.9350629838869369  
-4236.6675689214935  19182.967891248918   1        0.7387804146123289  
10004.691007120542   -12493.529101843193  1        18.012470536128806  
-1929.9413766918685  11887.21651248775    1        0.6827524248492947  
20979.668601929443   11164.898332454886   1        0.4680683059585093  
-24094.204115488807  -5767.546331989165   1        0.20481038941747579 
-21469.47822481794   -9728.220067823953   1        1.0675216931519091  
-24057.17532085962   19522.039624050423   1        0.3008724404883922  
4541.3570775455055   -12328.906074531618  1        0.8669050742221579  
-16881.400776781353  -1757.3695278665075  1        1.0217940898498814  
-22965.867795058908  11498.316844172876   1        1.0938571086788593  
-12175.75145017635   22130.58825371101    1        1.006871660508653   
-2826.849492067532   15154.49960153611    1        0.8839483407922272  
-3258.372892268862   -12894.185929435243  1        0.7540674946184603  
-23391.33102837389   -9020.588358087482   1        1.0765417373451962  
21464.517902931606   23263.451142931666   1        0.6127014969041465  
2716.95711833071     6182.345358394027    1        0.45851523741258615 
-5450.752871959488   17410.598123005897   1        17.995489112870054  
13151.198781666295   -6620.976845836994   1        0.24740388660274026 
9231.82515992863     1879.576388318744    1        0.7031004446073326  
-21401.337666242423  -10803.313965968018  1        0.003593912752420987
-12446.631086277772  8926.191262941282    1        0.5256514616047949  
18342.227357331525   -18486.873394249145  1        0.19613605359729736 
18034.424390370157   -18420.375224154064  1        0.9954900577609573  
-18145.188310154692  -13628.558579325725  1        0.8487007553218994  
8978.031815884435    5919.302422380396    1        4.950779588762921   
21213.46848597296    22078.345749016262   1        0.7174324088816102  
19242.671274374065   -16900.705799731957  1        0.3841515489702405  
21894.80118244775    -1974.6451437580388  1        0.6019754711184273  
-15014.78207649573   -4160.353297782898   1        0.6395225591466626  
20240.975004476502   -17636.044908530104  1        1.066679206673785   
-13045.85854293872   -19236.85569331764   1        0.6997529692913049  
-17899.93681459618   21170.56561699505    1        1.0082043624046833  
-5906.002031822562   -14563.006269147032  1        1.0750344235387597  
-15374.48662656251   -2627.461089823087   1        0.38730824839332917 
10780.525496387938   -16400.602746702083  1        0.14345684222371138 
20641.96340422483    -18503.72395356796   1        0.5202615288077207  
22109.306160410255   20488.452395920638   1        22.809929621102082  
8900.301625410353    -6597.788270829963   1        0.14476345861647197 
12774.60508067101    23854.82071057641    1        0.7761784460297106  
-22027.70084661303   -10830.750967716673  1        14.245987104923634  
9183.641439445542    -19844.709849470073  1        0.4169672558033846  
17363.596658327853   -17962.503696979064  1        0.062230446718618625
9961.208717229618    -19510.59287434992   1        0.012524499364742984
-12264.501402486898  -23012.805535686384  1        0.6712303742053396  
20030.999812924183   -9127.219940558574   1        0.24411925514810107 
8080.233392098553    -10035.835497697255  1        0.5988990964479927  
-18991.755625866437  -14006.071971199146  1        0.7058026811084629  
-2206.9657340816534  310.38747908026875   1        0.25787339491987793 
-17929.268328781593  -12773.006788771663  1        2.537203072310524   
-8451.376657591449   -13290.462136495995  1        0.06396934395784176 
-11179.48984579451   -7735.521150231861   1        19.520910290249066  
11867.524581286332   15906.578563224864   1        0.8543963816748679  
-18754.562614088896  -11074.976813047711  1        0.8315499396712084  
-13865.296381160724  -20711.05471461462   1        15.3121033767229    
3833.9883970096084   16360.303812135206   1        0.9835796128563152  
13782.256136588587   -15387.276786607035  1        0.2396830920859186  
-19071.821469656566  7554.141506206376    1        0.6297328876096789  
-2147.4596958277216  8217.246864667244    1        14.523212171913721  
-16767.08578406114   -20159.582907007545  1        0.08904933964894378 
-15322.208172158551  -16007.77712067484   1        11.366436259555986  
1943.3288231704646   -6488.40911487947    1        0.7587148270055717  
8631.685135734335    20745.31271986686    1        22.615952452652518  
-11171.277572728679  -13417.506730786297  1        0.315545509747783   
-10934.395948307616  17166.36891666246    1        0.7752224907015481  
15357.949327157616   -7914.284053386394   1        0.23877633029186102 
-2788.613432070606   -16577.037081550883  1        0.7483869107754568  
-18500.619574778237  1059.7547484404488   1        0.19718894436135512 
15897.390161688596   -23518.09857992184   1        0.17378301778720204 
6705.592579519555    1746.3281454524533   1        0.62028919826383    
16801.756295104024   16727.468867006315   1        0.6224738099008081  
-7748.00846477905    13380.340717006755   1        1.0373386778601767  
-14968.189888349105  -20724.418142410428  1        0.7887623175747691  
-5618.361828189733   -6693.799048752649   1        0.19522066991160855 
15690.587997306699   -3464.6849146795807  1        0.19455289200023773 
18125.97999660388    -8973.737718893417   1        0.8476751879114963  
-8481.085009097598   -10568.733803424479  1        0.47106243310225343 
-21929.94705523068   17533.407879426948   1        0.8463130566859818  
