trucks_count 1
drones_count 1
customers 12
depot 0 0
Coordinate X         Coordinate Y         Dronable Demand
3565.6815632438206   -7359.543420174908   1        0.7822659506060272  
-488.26217752007517  7846.995954295731    1        0.2974956228159137  
-7717.0412886037175  59.710820309663234   1        0.09535707247945445 
2082.755843882615    4248.8975370632625   1        0.6799738614218636  
-1260.0628136201753  -914.1006314829413   1        29.020164585423153  
6990.471798326622    6062.399416146801    1        21.37790208322919   
-6123.957541684717   2700.2769854290887   1        0.7341549607773268  
2668.0223648994547   6074.189491257728    1        0.3051601356480635  
4162.36112456124     -7811.28041106577    1        0.3120600517371328  
5097.5315218175165   548.55605039047      1        0.5388014721322091  
-2899.4729765192064  -904.668669823247    1        0.46444714019597105 
1166.7508888264617   6864.859070621775    1        0.5801226328485702  
