trucks_count 1
drones_count 1
customers 12
depot 0 0
Coordinate X         Coordinate Y         Dronable Demand
7119.830203765906    7109.279397259038    1        0.928685628127859   
14500.25691791571    5767.426076097768    1        0.09348741497405509 
-6677.676538872446   -417.0733185232526   1        1.0870039376039011  
-9036.820779511065   6340.698816682185    1        0.9342077802021258  
4612.72963656204     2240.2762017523905   1        0.4449801075779361  
8087.565958773568    -11307.843592522997  1        26.129538330056167  
10500.09293249026    12241.196630007576   1        0.2588803774607509  
-1981.8924226242682  -4350.425996499232   1        0.13438266720339007 
14202.469779944597   -13327.90840894471   1        0.4749516069730957  
-2378.9422804440983  -12163.033890148581  1        1.0297947341229001  
-10889.625707960271  13306.85992964885    1        0.9603996664591674  
-13784.509652478017  -11931.343695697971  1        0.3995190641964945  
