trucks_count 1
drones_count 1
customers 12
depot 0 0
Coordinate X         Coordinate Y         Dronable Demand
1787.1659274054944   -3818.7090491907743  1        1.1296264596697076  
-2024.573946213312   3622.609924522655    1        0.6035078923346545  
904.5274510380428    231.04083997553775   1        0.8758467663439748  
1968.9025971699182   2933.3597451680844   1        23.81304082526494   
-3304.8521307359833  -1982.7294849159946  1        0.859445288994984   
1681.9022136052536   3771.7406773322136   1        1.0676185640101201  
477.56822321025396   2808.2477353438653   1        0.8800768526498092  
-3968.462445344168   -2845.903267335451   1        0.5613263298662644  
3900.375418080088    3280.5650196168763   1        0.06772270198556979 
-782.6823025141509   -2799.8675279691274  1        0.36930156224855376 
459.26823997833276   -2097.5581310396165  1        0.2875083930452235  
-1419.0703891928406  -3038.0719760731104  1        23.43091345001793   
