trucks_count 1
drones_count 1
customers 12
depot 0 0
Coordinate X         Coordinate Y         Dronable Demand
1783.5617391734854   3002.655400061992    1        28.09786857150693   
-3223.1048583671923  -1491.1166583212776  1        0.34849766210316413 
3640.904098207378    63.38625517236301    1        26.847324221717177  
-145.1512389013372   -1764.0827153780979  1        0.8999103944000121  
2947.5151392022635   3312.019842713638    1        0.6522127151840789  
-2171.4530883980906  472.38982964814517   1        1.0108237455038875  
-2472.0543917387636  -1089.0766135297067  1        0.0024885981576613027
-2231.9677755001176  2056.594996864696    1        0.9148444816372084  
-297.8536284194681   3997.64395869035     1        0.8383271544793327  
3334.6411236399986   1103.0369997468633   1        0.13255813973691757 
2891.780906494132    -3408.771574313702   1        0.6239540213033861  
-2432.5989011561724  -3010.454009951388   1        0.6252735207871846  
