trucks_count 2
drones_count 2
customers 20
depot 0 0
Coordinate X         Coordinate Y         Dronable Demand
3670.923619808127    2670.813942213255    1        18.46690286579906   
-896.6402140957586   5889.85533883516     1        17.344053153688762  
-7152.241832013864   4955.222106610626    1        0.14148172904103884 
5876.889487873639    -207.70295072269892  1        0.8596200591267189  
6072.931944941638    2194.5410641007566   1        0.46121803490491853 
417.28896696567546   2624.362681697448    1        0.014300996812686805
-461.9797271630794   629.6669173718643    1        0.6195711823441198  
-2976.1011791916235  7761.836003913374    1        0.5868988291532385  
-5215.231197272404   3436.8138005957044   1        0.1742390588462886  
7181.529924181887    -7199.816158916481   1        0.3665192887235284  
3319.476489750464    1977.2828665765878   1        0.7686488696206086  
-4643.697089427011   -378.94597179113765  1        0.4741978579102619  
1410.2285852738187   358.7241685881084    1        0.6251926795253222  
-2088.9758284009254  3886.1023348429953   1        15.985317099794827  
4918.787464945978    -3072.8983535000693  1        14.426395345271708  
6388.390695722388    -1515.5590841953676  1        26.71481417568095   
-7732.274928952055   -4827.46748197437    1        0.24733031776812178 
-7083.12427995813    -4719.6562926709985  1        0.09422921185942641 
7029.108505146416    7901.7104453577485   1        0.3729070057074925  
-7191.114521804557   7586.005039512823    1        0.5427601969484066  
