trucks_count 2
drones_count 2
customers 20
depot 0 0
Coordinate X         Coordinate Y         Dronable Demand
3724.2653658315094   -1724.9801465380428  1        0.7246549792830279  
3966.896998009247    7543.370635446076    1        0.23782083998726966 
629.5823989799526    7436.50871468381     1        0.040588205517882114
-1459.273210689013   1722.1655612849388   1        1.059411424468221   
-2776.4243695754535  7517.932070347712    1        1.0875552027684718  
-489.29131637102233  6393.23455595269     1        0.8881745861683329  
-5087.766081083141   -2844.853342806171   1        0.7634361371641118  
6729.25809081299     -421.5403686177981   1        0.4656203404515892  
-4236.361788699662   -7175.954689539975   1        10.787687380825519  
962.7041283797874    5848.157070697191    1        0.07725654771916111 
2723.7689773545553   -7584.878364815226   1        1.0005031664378257  
-2518.1953042179753  5649.667841834957    1        1.0108008975127962  
3319.4852575504374   -4145.064107869277   1        0.43296038563456485 
-7983.158374406523   5944.19070462078     1        0.14496865865041098 
1033.6840833014987   -1401.548987788267   1        0.6401239295103421  
2067.88329832703     4913.405312497909    1        0.016215273721954436
1626.9940532312892   6586.769224155514    1        0.26497387032440756 
-7844.264858980194   5949.186746845635    1        0.29530813396228894 
-5549.0916522079915  -3459.0628698619485  1        1.0389352750613923  
6704.669353172658    -1237.9398959536668  1        0.3919769085374828  
