trucks_count 2
drones_count 2
customers 20
depot 0 0
Coordinate X         Coordinate Y         Dronable Demand
3725.7068013139656   -4453.525926239148   1        0.9715450641269747  
-1991.0507810154097  -3285.8588753025588  1        8.701139879710043   
-464.9681160015737   7503.570404718872    1        0.9266564850123657  
-3832.3315323743013  -6054.897406534519   1        0.1453679405487507  
4378.668962259596    -1037.327612742071   1        0.6754097107716054  
4270.730708506177    1275.614799102178    1        1.1263295498695796  
-3907.9170830656035  -7723.2837951050205  1        0.03176977454444634 
-402.6998250866976   -2382.539626335788   1        1.0753047202359716  
7098.969829900159    -7462.786361093503   1        0.8947292334117851  
2534.4548538422678   7505.675019800447    1        0.8049932322214883  
-4686.596233137974   2595.6469165702683   1        1.8159672456853033  
7543.256004643216    -7236.099488499942   1        1.0559517854514102  
-108.5672129695775   3997.3901074846217   1        0.7955421981750982  
1861.5450009479407   -959.493425900137    1        1.1143060577037236  
3538.4220241843627   -51.50714544610324   1        0.27593528089787595 
-5443.152075625875   -4481.887515720071   1        0.9710046552828957  
5359.601335982752    -4848.570207662969   1        0.20415450094298168 
-1340.4849588871284  -7246.1255775122545  1        0.1168540439254937  
7594.6164451659315   583.4568350808555    1        1.0262879405804164  
-6403.428606783692   -2346.3383753162266  1        1.0928081819734807  
