trucks_count 2
drones_count 2
customers 20
depot 0 0
Coordinate X         Coordinate Y         Dronable Demand
7330.313837273827    -5016.805877964633   1        0.807981618964544   
13683.500844764347   1853.1453247973152   1        0.4146968912576215  
-5548.078105313434   9373.949733699366    1        1.1331286110631045  
-1448.553971149708   -2572.5016792690417  1        1.1138539610093625  
-12908.080846314335  8457.559592919784    1        0.975819952199528   
-5058.799703948322   14002.882938578294   1        0.1956611589053195  
-10362.750958845763  8099.976014272436    1        4.9145513372392635  
-13270.139510806424  -975.1329711879421   1        0.41612136070856504 
-4552.7158229640845  9168.28049399894     1        0.3371306140822515  
1789.0540446639395   4527.02217085821     1        0.8575125507142195  
1548.2737041997625   -13116.036997551479  1        0.13062139588380497 
6781.394870635732    5767.845260234816    1        8.826149935846864   
-1941.9225856715375  -48.58634489636765   1        0.30884534487509535 
13624.822779224518   -1371.9222861466656  1        0.09143531436221619 
-10200.326678688172  15240.668074641851   1        0.8301187084952582  
8491.463903447313    7757.6239777324245   1        0.5591501565900417  
-13138.608119915796  -14732.618550159483  1        13.987903351262998  
-1822.8887199021735  -437.21399047886933  1        0.8080455551089881  
5468.952231301427    15650.064210414446   1        0.42349636052901474 
-6077.847282441094   -8147.602086073861   1        0.0073951369996519585
