trucks_count 2
drones_count 2
customers 20
depot 0 0
Coordinate X         Coordinate Y         Dronable Demand
7344.7301105811675   -115.46367497570559  1        0.9084520431842777  
-13709.17550662013   -9878.747864206256   1        0.6697071383867306  
15693.214826388526   10044.568072912067   1        1.0275500254331413  
7007.661852756009    -15969.53183708431   1        1.079556575207249   
-5730.74992606732    -12721.43771759875   1        0.04907254290805207 
10354.62198368575    -4986.514150306127   1        0.25245596051393326 
1435.7390213296114   -8497.527069853968   1        1.021884836622073   
11970.68180981737    11601.673492390772   1        2.7741836314480603  
12240.20036303414    6299.964258084351    1        0.7005061784861072  
-14680.239180331966  -11084.595940005756  1        1.0942559732258557  
-8181.776961863436   -7871.183224455139   1        0.9281557338304048  
10835.508438868364   5657.373875368625    1        0.5193487458488761  
-4035.6477704923955  -15184.442752495286  1        0.9877744920658554  
15511.454614286382   -6035.163591355843   1        0.4022023096287789  
14847.050811657684   -3445.713022315811   1        0.14315544853530895 
-2245.289356461031   10365.0961751733     1        22.02002041529522   
-7999.335292401189   -338.8138275857044   1        0.18651094838669588 
-1158.6892393508251  -3643.137234057779   1        1.0497551218226313  
8158.833205040684    -8298.339699398895   1        0.3602596543288979  
-8411.624963521812   12955.212640679829   1        0.10961145348678576 
