trucks_count 2
drones_count 2
customers 20
depot 0 0
Coordinate X         Coordinate Y         Dronable Demand
1865.0159135961878   1727.1183673287649   1        0.5782353017611961  
-1885.7468192343426  -1793.3734639638851  1        0.44182903093150955 
-1874.3101901885962  3852.3779772223747   1        0.18292134039343527 
2570.946511474568    1400.3566051932066   1        0.8051775056879588  
-3171.4260007383236  2741.846549089116    1        0.5729532685762436  
1228.6987512844069   1008.077884180495    1        0.706814440973319   
-184.18504450649533  -3132.5872162852625  1        3.8779248765940157  
-2852.58666648771    3913.9310604447737   1        0.6363978257938815  
-3587.617657150186   3885.0593121229563   1        0.2055705585360035  
3624.853515114852    -1807.585206729372   1        0.72024328572847    
2634.5543075025685   475.211500268552     1        0.504550657072248   
2770.405085518573    1193.3996199632047   1        0.057424466164871873
2850.337687735187    -1881.0233834164926  1        0.7493076864895541  
-395.57279620985497  -2788.5727888262713  1        0.620378254863661   
-2520.382316393871   1999.3091907901946   1        0.31734931816285894 
2105.271021162881    -240.4831200921828   1        0.4334328337609566  
232.01171202373962   -3483.8943714643824  1        0.021696409696322676
1038.7274906012076   724.0687247070358    1        0.7154718076103459  
-627.2296313561451   -1691.1921449505382  1        0.9883459033422516  
1276.2392362943237   -2835.7670266071286  1        0.9273419684862372  
