trucks_count 2
drones_count 2
customers 20
depot 0 0
Coordinate X         Coordinate Y         Dronable Demand
1863.5743582085586   -3591.035733064954   1        0.08445513207330274 
-3974.4991601148595  989.1559268795764    1        0.33982495235700844 
-779.7594353967238   3785.3161672821398   1        0.678744781404468   
-3102.6950469349686  1130.719692917838    1        0.36530445662928046 
-2279.8189728578513  3250.4063520840723   1        0.26326423567235774 
-3531.323513403139   -1921.0023589689933  1        7.17319825555564    
-1364.0340425240329  1745.8429962032387   1        0.4340834288223997  
-3767.32875058802    -2171.7695619320625  1        0.5510090831227353  
1170.4507242499915   -3874.8090163235147  1        0.287016336153985   
2053.1027896523733   -3465.1033956429746  1        11.581227818163965  
1998.2193980899224   -1658.6139010221177  1        0.18553691175503684 
755.6537766573787    -2014.2332895122456  1        1.1011026902876433  
-1768.3098417447966  -1976.7777186755657  1        0.024144027613250112
-2193.575931753971   -3931.588658305353   1        0.949663456757036   
3021.57986262844     649.2673484480302    1        1.045726615387791   
1569.6062752106109   1108.1098280309739   1        0.7918140537414555  
-3500.595690632894   -95.25493964589963   1        4.88936088963037    
2581.6475905081415   -2174.018950935073   1        29.2303347918839    
2322.462151364755    2312.9881501066566   1        1.013640589201822   
-1709.0630435596731  -1727.3685472445684  1        18.41705728901073   
