trucks_count 10
drones_count 4
customers 200
depot 0 0
Coordinate X         Coordinate Y         Dronable Demand
7278.431617163829    -3349.5656543985106  1        1.0451664100118456  
2862.0232069601234   5463.814577286371    1        1.7459503328832506  
1668.9512968642493   6959.742353805207    1        0.8652785637036985  
-12578.880858889132  -12279.463439705141  1        0.13370127803033918 
-12997.063503965577  -5421.104330678855   1        1.6443183813365694  
-15485.63540542467   5116.404024216818    1        1.4325149703467812  
11536.312826611313   -9397.35777464834    1        0.48492926729079244 
-14014.091288710835  5247.257185603055    1        1.3786663116842557  
5803.760812222099    -12692.614234718269  1        0.6467955617461284  
9579.654136202615    9229.99031096882     1        1.2291494647840047  
10827.043396175291   6626.666944946983    1        0.6494591880477772  
-1376.0590258858563  -13146.567839889261  1        0.9405487321179095  
-7279.249820932734   -3495.752062102893   1        0.8010534153925346  
13270.341444005775   -10333.720230939261  1        0.7823696265158728  
-3810.495306709575   -1174.0421269812628  1        1.3483797098598629  
-10792.490897681975  -8066.652817100853   1        0.37357298178445275 
13421.56306012219    10698.0319016875     1        1.9245951307424034  
-10651.394474855433  -8207.98975518691    1        0.32760952095269774 
15097.498250442062   -1133.4455865847938  1        0.185637981587771   
15198.508418476184   -432.0564640293454   1        13.7938596034321    
-13271.344822786177  -12057.6186445395    1        1.3994403480758324  
-2376.009814133016   -1127.7282283481952  1        0.47155985871622036 
14708.070121347178   -9791.78005498939    1        0.9020071518976059  
15432.892936831742   6335.880621211262    1        1.0017582948190304  
-8299.932846784839   3447.6110412732787   1        1.9434503131073468  
-6456.912233707481   9827.634149224998    1        0.6150851437023965  
-362.07101589150886  -10586.552569943384  1        1.6087562842827525  
7407.744192691785    -8520.547281599576   1        0.8532556405053484  
-9557.089502385577   11095.452568743114   1        1.1417170315606764  
10954.790486453634   -7607.155453124477   1        0.9186162703459817  
-238.16976309716944  6881.385274593709    1        1.6652220079814564  
2053.031160340396    -9173.05034760242    1        2.269305801411455   
12733.134428683297   7415.531642626635    1        0.6648728708705246  
6033.195878490877    -14734.419832500838  1        1.8709102301177456  
-7126.108398144435   -339.2128177942072   1        1.621601894770624   
6137.179101170079    5882.994559107356    1        1.1632964450611432  
13863.028640333687   2566.2935761255912   1        0.04952806898561008 
-9997.680649515725   11283.005659917835   1        0.3434111083851455  
-8573.43856384426    -6630.203495627959   1        1.9689860752073411  
-347.6348162669333   -10511.554919000424  1        1.2551839184597156  
1173.7326610360356   7535.1011667050225   1        8.503722585029927   
-16047.142041292904  10840.860795419563   1        5.1590892294242945  
-12428.126244861636  3073.4717064306337   1        40.65288445925483   
833.6287894736196    -11482.930736701477  1        0.5369480084175482  
-5250.119322195662   -10722.81866274015   1        0.22501230744699843 
4965.724668869075    4769.802005629351    1        0.04709555795228074 
-2093.4064355020287  -5479.363597800624   1        0.2071669805291459  
9597.071468111544    9086.108716702094    1        1.5431828028536867  
-695.7918439761293   3008.1417416845097   1        1.130504793452807   
3075.1499888068856   -12227.649172806465  1        1.8180337227836505  
-1293.46773817744    -1605.857169741982   1        0.42238683553111683 
6424.983425134644    6616.734082660748    1        2.19597885862614    
3345.574403967422    2753.415176547125    1        1.080226996506443   
-9527.042072860759   -13056.667149558092  1        9.84156784876615    
-6948.364254631746   7425.420858131217    1        1.1592470743000642  
-9395.538902191978   -15349.052234813587  1        49.09618865269515   
-10463.043954029828  -10014.320766992443  1        1.9529505858707008  
-7195.112115496475   11785.325013728949   1        0.2654929895647174  
627.1201940448582    -5664.437173757343   1        1.236933558651754   
9539.200376108167    -6789.7815144007645  1        0.507750010019025   
4523.723970123995    1453.6032752180913   1        0.2731626512956645  
-413.1924865961688   8373.198677593564    1        0.7196500583304971  
-13705.904721198578  2322.611042038466    1        0.20904825754641743 
2106.608921626748    10602.405501913734   1        1.2645354458348617  
14643.736460471122   -15517.759413091653  1        0.18540932762583684 
-5791.981295031094   -5304.414710864655   1        0.2021110015740114  
1018.1631987947603   2319.704471235019    1        0.20679253292023936 
-12856.221072381955  14452.333212297166   1        28.830768183551907  
14229.001079558013   -5732.039685378093   1        0.29563604314820846 
15241.32878885879    7024.158305831168    1        1.9954604836578054  
4072.463710092331    15920.705201504696   1        2.1195483817396235  
1605.0247324787047   554.414943545397     1        1.021727190219487   
-15837.095418083447  -11036.898778216048  1        61.626028265813844  
7658.294860081377    2151.6786688120987   1        1.8634843627687308  
-5840.669337438937   5076.685062529804    1        0.3910846807441108  
-2394.2901569322216  -2172.353835612812   1        1.46121273420788    
6468.373016771047    11128.91804509234    1        61.073680720238016  
-4966.840925579648   -10912.702505175566  1        33.97569255549019   
14927.675488534338   -4726.987022261723   1        1.8581942402091223  
4127.728403896815    -1094.2302384626832  1        1.6784879868380254  
3843.4436986476635   -834.8593069569501   1        1.2604519810272445  
9465.067478335259    -12126.895763861408  1        2.2312975020909396  
-13394.212044872427  -2335.821364567639   1        6.143987915895025   
-9883.76967930245    15577.330740578158   1        1.7618126545087038  
-10716.552153168428  -14892.18306603678   1        0.4185030002727048  
-11566.691079711174  -7450.235614808087   1        0.2762822599840731  
-8606.303805618276   3754.8245655493097   1        1.8975643253162777  
-7761.998210896528   -14512.861806628836  1        0.4685210540930873  
5024.357898398218    -13222.46631835876   1        0.6098758566150347  
8734.675098436974    -13448.429678870465  1        1.0820938863731615  
-1271.6112067256838  4346.6668618649055   1        2.2202122158019697  
8404.854273927845    -3191.097554240519   1        0.5506899655771621  
-7791.087315579382   -3386.0001480231476  1        0.8090195441771914  
4550.635413905359    -5562.54021740836    1        0.40916946785253516 
12121.716161558354   -15529.012812439752  1        1.0526718886442537  
-4975.738780394614   10123.59659406915    1        1.1851578367744404  
-6388.495597980583   -13270.196019746809  1        2.246308117250151   
15717.919195513072   -7069.8353953325795  1        2.20690019082389    
9926.829642871771    6960.773426231422    1        1.6426463671334588  
-15929.312472172573  -5170.3691762080125  1        1.247327506139757   
-2596.077030032882   10650.543001866623   1        1.5805269371031345  
-15497.327269917096  -12961.149080929476  1        0.9314980332382172  
-14191.495300106326  14513.393534749946   1        1.0795709759469123  
14202.248205206362   13375.078311395397   1        7.36017312347186    
-14767.653982889819  -594.6837987592398   1        1.4088639784948638  
-13982.623050507613  9863.646261128022    1        0.8949868529371863  
8450.159444661664    10074.836123078583   1        65.778151265792     
-11423.223099597742  11910.347673229258   1        0.08212818582984685 
7577.737621151289    8359.272242685802    1        0.20589302476810975 
7141.347597261508    -2198.2570637902786  1        2.038677821344675   
-5277.80083857653    -12098.640560280963  1        1.3147940170329317  
-9549.175909099347   9379.228916047356    1        1.9546761082676183  
12811.183231931043   -2537.8733547171464  1        1.927652941012975   
-1850.4077850938465  7864.820619020796    1        1.5492430222673819  
-15109.746223459724  -14552.321404959705  1        15.823217604191937  
10487.9856388744     -6969.614544996015   1        0.5077947813796471  
-6785.451451149089   -2135.030538017792   1        1.5561503322343855  
-12164.67087179362   -11470.747113715048  1        1.0930854804279262  
2537.2213209243423   14680.070638557381   1        1.4494875221452637  
3102.641476318568    -12940.940366734914  1        44.630933391434695  
13443.589306954857   5074.319565751525    1        1.7999199345430006  
-11462.331950540794  -10741.730375062258  1        1.6164673057118404  
-1904.232782740374   -14531.496370446654  1        0.8406560625488588  
-1749.3748611086933  -11396.374252039783  1        1.0729950278081273  
8779.434609590005    979.4324972911849    1        2.016347326742522   
-3150.1764331695986  -12069.338544777182  1        57.478576041287326  
-11354.6533179746    -8793.119795701503   1        0.7116369234765169  
-4921.66136719112    12498.597057370955   1        1.1752606459451405  
12999.477812372728   -7901.223641334804   1        0.17460188128598308 
9540.659842128582    -3992.955654104673   1        7.43450640809939    
-8362.234649587723   7148.465616234741    1        1.9994928432323527  
7579.446304018726    3382.4745389974746   1        1.7251380428550736  
-4897.765281350749   15765.360309255524   1        0.2983631933564807  
6409.2433994593675   6910.8238462188465   1        0.8079231148989032  
-6047.14034131196    15343.196507841702   1        0.7160226428792758  
-11329.351235414048  -14690.423176810124  1        0.2645860950395612  
-3095.9006016786807  1596.8282299006044   1        1.8415631581267868  
12726.488561167565   -3161.440010308706   1        0.8199936894496976  
4564.637847565337    -7093.517355457348   1        1.1209846018639296  
2835.6734232484414   14342.951398035813   1        59.19824648295562   
8237.579644216185    -12853.030214423812  1        0.4539422024948302  
-137.71430118139293  -5906.813461276345   1        0.4916892318289599  
13790.023600750452   5021.099931973736    1        1.0900826305371003  
-12493.565813998808  14595.577876996958   1        1.6427641124985068  
14273.91292955297    -4279.288619580378   1        1.6268214488810087  
-5752.748755716103   7725.3643304605175   1        2.1208926503929324  
3961.17119167811     336.16920096471733   1        0.9792504700351529  
-11679.443270454096  -3383.4959512728747  1        1.5391615759041701  
5755.32440106278     10875.488348271503   1        1.2886856624812602  
-7666.922361865898   -7489.204945481305   1        0.308213256398612   
-4572.086182891093   781.1520313456336    1        1.688000268112224   
15302.960139098104   -1709.1293677139943  1        0.25685253268209196 
417.25817887693074   -671.3424848173025   1        0.9313891761999099  
-12673.144074679552  -4895.525592291579   1        0.17707796057599468 
15236.259122315734   -6223.071013888196   1        1.2006329825898556  
-13318.757319806165  -10344.577900171887  1        1.4450759587443816  
-4866.619235871507   -1635.5947580238796  1        0.4576898351013593  
-4954.706363935603   14662.108558403937   1        0.6315202823848802  
4576.373116913975    -6446.268472938512   1        0.30023919110902314 
1736.484414475818    15217.994358259437   1        1.827003581838659   
-6375.69231873766    -5848.335048410342   1        0.8761570167092673  
-1578.3876357556485  12451.58519167779    1        0.3576354492611898  
2962.297996987166    -2012.5540667703096  1        0.5227951024106305  
-6823.509887496002   10510.56705950367    1        2.2667007390584075  
-2924.0100979912468  -6690.957057854439   1        57.51477323366759   
-12307.013133924715  -10012.70781931846   1        0.8022638954530109  
13686.11883747823    -14204.757252777506  1        0.9529134351623824  
-1773.62763210114    -15106.192506104677  1        1.0844460378617489  
5948.059667090379    14128.274644044828   1        0.017800209156732322
15801.304815529174   -9153.67347780687    1        0.9291519414320872  
-14930.542523830189  2370.8591835913385   1        25.602718636010287  
2362.858365862303    7342.706306510796    1        21.94182391273282   
-15308.164390029136  13549.651560897422   1        0.15868146293206334 
-4581.218155036206   10073.151378032595   1        0.8255924590572266  
-12020.499456229065  -3702.7095775389835  1        0.7407181447752489  
15523.36869945918    11306.739520785537   1        1.465402677708674   
-1407.3098439318119  -8708.981345522527   1        0.4930788593615697  
-6009.8950835574415  -11799.449904649138  1        0.8468198030236365  
-5847.725794029124   1994.172426331969    1        1.7600824692524577  
10640.744636495307   14101.844303556694   1        1.5427499020153213  
-8346.725214855998   -2458.138545729404   1        0.532832034073319   
12904.385222800052   2540.9406588366505   1        19.16845177811906   
11714.850173868033   8668.81316251443     1        2.1303347569150146  
-1907.8911269782361  -5557.477044120562   1        2.249336985534308   
-5903.852910464232   -4057.8416647946074  1        23.77774758738976   
7188.603256373696    -4082.9723985815976  1        0.8068948819548405  
14636.082263341057   14467.511991383602   1        2.219388626282917   
-5339.747660673734   -8615.523191706357   1        0.14110659180081708 
3094.133297455485    -15817.98596909762   1        0.8779441737192157  
881.580529749776     -7655.26085689685    1        0.194315453276044   
4068.1127839294504   -7761.306304648733   1        2.1852233941848143  
-338.36694631485545  -9845.11021927005    1        2.0642726565963407  
3438.179786459499    2072.9296819131014   1        0.35811083017571654 
-7686.875096958694   11089.898430957206   1        1.3633975982400073  
-7636.071962209372   8309.450673658412    1        0.6393488716114728  
-5665.574654800645   -2793.637193890093   1        0.296311077682811   
15488.613826900402   10997.295078720497   1        0.48896648296897754 
-12749.419355307302  -15126.018553910533  1        1.1108219325951023  
-9761.836351833515   -4621.147416444006   1        1.0418313489824607  
12766.937767037962   -1280.8611221707001  1        57.66135397468836   
