trucks_count 3
drones_count 3
customers 50
depot 0 0
Coordinate X         Coordinate Y         Dronable Demand
3659.390217465699    -7687.619580367542   1        0.9544012964863762  
-1513.258941139895   -4036.710014037842   1        0.21068871721100046 
1604.1637267004264   4418.727627088742    1        0.9907954592899325  
-7325.4432192130025  -2364.7987285463428  1        0.23410787978962447 
-2887.6125514456253  6263.018528819027    1        0.3564418694941377  
-5476.088431103651   -4714.879743119154   1        0.37702130410033335 
6192.628288696619    7470.309336710921    1        0.8030020157109681  
5799.361668385197    7356.431024898679    1        0.24534390916151022 
662.5158539290147    5731.466453592885    1        0.5000221693182143  
-5392.475639707598   -4366.561670225309   1        0.214525846500148   
-1771.2025457403527  1000.0801358719327   1        0.6265738883517639  
-4668.308279747603   6146.7917116466515   1        0.11299070370849153 
-3352.1511709453575  -407.3105134844761   1        1.1264780271224875  
-379.60139237455274  -5258.024620989662   1        0.7500057350465849  
974.2856165555019    2220.1666679522714   1        1.6295089798798232  
2103.073207724925    -6820.21645845151    1        0.14193256275580204 
-5406.33319096374    6188.248931814882    1        0.7338852221266726  
5260.235799866303    4282.442302192132    1        0.38788189835854986 
-1560.1562738449888  7748.353525246351    1        0.4740857322481556  
1113.2672393634632   359.7931142236598    1        17.011444461451124  
-3327.354850751781   -5396.828375281163   1        0.9269705772717249  
-297.6762624321938   838.3038284249161    1        0.38633182469069144 
-6083.053006800134   3061.8767168016816   1        0.15383386917724845 
1316.9111546188149   -175.17706439445817  1        1.0780761971581585  
6478.921595125315    -3504.8608596633403  1        0.7428168780067964  
6587.795269096368    1162.3412309372627   1        0.45097042419750516 
3192.8134377346864   1686.286645948268    1        0.4235011031937344  
1638.266874786594    4129.971589317196    1        0.36690899461055687 
-7397.662294427537   -5812.301029713193   1        22.01569336769198   
4356.73541093258     -3823.0799289260544  1        0.8887820136597662  
6588.946693420618    -6581.118802955843   1        0.9462736973033841  
4381.566978552429    -2989.844430010507   1        1.0299107694170995  
-7923.039175222548   -4590.802452834177   1        0.8075315221785968  
3560.644885687358    -6835.352973730448   1        0.5494940742316154  
-3382.8905803954094  2754.2133679284843   1        0.912431843094708   
-2476.7334642256365  -7550.019187831734   1        24.318458222267903  
7695.780727073353    -3050.4681205813004  1        0.13518621859129143 
519.7537228596148    -2831.2740060570272  1        0.19322240201187343 
552.2214463908167    -8029.435304995585   1        0.16672012609106432 
-5600.105415661445   4799.858039456947    1        12.596799216336061  
-3080.5129499856225  6215.426631205562    1        0.7736425008825997  
-7600.712319845745   4023.3097542524383   1        0.5115776091955377  
5501.886609585185    3165.695622133073    1        0.8008264635987274  
-6002.389114368545   2358.6639722826512   1        19.725000468759273  
-7387.180997602155   -16.27306505435769   1        24.248342350064174  
-2622.2133539755728  -3032.8522087630863  1        1.0391233728995046  
3233.445997314294    112.96142234700321   1        0.7061203176878132  
-1362.6381565353836  -2689.7483682745938  1        1.1074606032946992  
-6493.002460827913   5426.816648857582    1        0.9741283441688451  
7487.176822015569    3167.429672818003    1        0.5221758824899033  
