trucks_count 3
drones_count 3
customers 50
depot 0 0
Coordinate X         Coordinate Y         Dronable Demand
7307.247032588971    6453.127076873767    1        1.1008209740082078  
12450.263390676071   14186.814619051309   1        0.006680509369141983
11964.733012115146   8300.961254276295    1        0.8484623244143793  
4333.581573918393    -6886.693234916333   1        0.4883417816722677  
1357.6301609111354   -15592.284998022982  1        23.955327656582792  
15341.24597953372    -675.6019110549107   1        0.5583814661929661  
2946.4645932529384   -10405.539626670146  1        0.32772743239439234 
4280.786184347216    -1785.9434088380262  1        0.07456644071683664 
7202.778759059451    13757.585799993305   1        18.50232002603705   
8827.843396505665    10193.531148240554   1        0.7055191084908392  
-8633.08484640256    -15070.442458960792  1        1.1225263977173414  
6732.172010373853    -13367.479372889606  1        1.0663671350564157  
-11466.68209810989   -1580.6561886622317  1        0.8101307093698793  
-15143.22786910204   12526.623322567319   1        0.27459613883333484 
14097.46914491018    -6360.0018824534645  1        0.34168796498546194 
-79.17059292691826   -2851.6902911591665  1        0.8586950027167999  
-8486.725123559861   7298.8142774190155   1        0.9771626658571387  
-9322.968560253305   -14619.815841511214  1        1.1016982247104925  
-11709.57732668138   15343.349890570962   1        0.5246751039672964  
10530.916239894945   9586.774063347806    1        0.07064503399976166 
-13143.281466165221  -6556.666146045489   1        9.992874526527341   
12690.232794069201   -12918.973360826565  1        0.31115005378642885 
110.33413997246731   -3021.6489069769736  1        0.5913742003178811  
1692.574249167083    15354.336740646517   1        0.2736546881168147  
-2312.029440785669   5174.31362695747     1        0.9848495034580647  
-10826.148457102361  9066.490045155791    1        0.5728642421423089  
-13934.743487961437  -9811.969436424817   1        0.5103839508411754  
4456.873987353614    12661.751406912603   1        0.8382102994452705  
14290.006165835826   4063.062880688319    1        0.389377497036376   
157.6111069398656    -12233.124694313165  1        0.48403274910650007 
13942.84666763767    -12033.607383932513  1        0.9751349856006702  
16042.189048501688   6902.271309254546    1        0.0019713832411098263
1515.630544159679    13952.885847898317   1        0.7034131378406223  
6810.401860160841    -9376.49924558456    1        0.7955313309468918  
-11466.84075115606   3837.6726130072757   1        0.9227894818317574  
2813.3993500652737   91.33828510151622    1        0.7263023761241522  
14954.828428007531   5571.64208976187     1        0.30832056004658165 
-6712.081847629605   12973.373733004195   1        0.9684863659694452  
-10856.888646442729  -8766.847068682238   1        0.26679099777371434 
-8099.47485422129    -14538.811301327836  1        10.633639616183565  
-8663.49571605335    15630.176021135523   1        1.0680910663873975  
12145.63913252473    13443.081160214135   1        0.23575475227414927 
-289.1605906305357   5400.554908008255    1        0.4721946362558264  
10055.79440749377    -4509.423935285958   1        0.9826425617554622  
1741.1970566075888   1511.211983988423    1        0.10082450278924186 
-11523.472766586334  10824.49403044105    1        0.3333663796886302  
13217.322090096337   12390.187341127734   1        0.138827428203124   
14589.73038641113    -5844.587482193255   1        0.11704105198640768 
-14072.629331013148  -5182.280574599247   1        0.655115958536714   
6976.464701613224    1031.2942350656228   1        0.2630992688163178  
