trucks_count 3
drones_count 3
customers 50
depot 0 0
Coordinate X         Coordinate Y         Dronable Demand
7321.6637855170065   11354.469279862697   1        2.8975377481368456  
-14942.413440329103  2454.9214300477392   1        7.990277377536565   
1019.225943817108    8971.579113868302    1        0.7428837387844162  
12789.796918203414   11903.0766072684     1        0.4540443958701541  
8534.960601537454    -4584.481828920819   1        1.0782763943948899  
-1432.1323328322112  12521.801000060668   1        0.6151762678015799  
14744.954573428317   5183.757289203448    1        0.07133566998892145 
-2665.192495028986   10790.863054740686   1        0.8550282720482739  
-8191.1055345630175  10889.269564078717   1        1.0262892889580328  
-7641.449348869544   -5418.086962623412   1        0.9422625141048564  
13823.664487534237   -9825.589165485144   1        0.7860807694591788  
10786.286058227179   -13477.951237376492  1        0.1581415916471057  
-13560.407282930748  15470.287403738845   1        0.35507985656063945 
-13256.596513660874  7863.382017358142    1        0.5853631340998975  
6958.046635256037    7140.41702058887     1        0.7887046712302752  
-10815.924332455957  -244.2180937182941   1        1.0967219781119806  
-3347.4518164245587  -10494.1810000072    1        0.6730658527452468  
-8658.768600081261   14361.05995566848    1        0.20942779142413587 
-9019.696352942125   -8605.053539621687   1        0.4614383977671798  
8197.139038434922    -1497.2112098985006  1        0.17286135048689547 
3014.1337192825467   -3806.2041618811886  1        1.0741817683702115  
-11963.448854597786  13372.202191837887   1        0.40512725896794766 
-7188.516051993451   363.40401874844906   1        0.32794379484089975 
10915.834324255266   3770.173393662577    1        0.42869659131611315 
681.9117077252308    -10055.73055589772   1        0.11531873431719339 
3082.625167111343    8685.930685959382    1        0.9874869697113041  
-4627.680413767748   6668.708734166529    1        0.11828540817949298 
-13111.951429777093  7159.490641944142    1        0.24908366840187848 
-5973.257397432974   546.8820652604534    1        0.6154255680407601  
-5240.964729024214   -14546.118768642014  1        12.21603844070977   
-11153.44541297857   10695.704838593518   1        0.9390583541070391  
6943.370304160821    14939.920977754919   1        0.7199056244099066  
-4093.1058139066386  1128.1724059399794   1        22.97328096645476   
-8894.388130916637   9395.842496975192    1        0.4879847685016059  
2456.183736800488    5926.114667043524    1        0.9098424460836599  
1151.5163820144173   -2804.4823010443665  1        10.502159546259895  
15500.745070397024   -9019.080943798892   1        0.9423876247786594  
11024.10512877196    13818.57179141673    1        0.8498914152468853  
4094.775657682551    6258.223624586765    1        0.7086924166192112  
4118.0051744017055   15634.347444353629   1        13.087589005694781  
-13582.108685761064  -12509.07766708032   1        0.4165353510575908  
10148.609297349283   -1349.195904422433   1        0.013543327650289566
5780.306791525774    -9529.299671669381   1        0.31599439508802457 
14666.878252489672   -1022.6845650925777  1        0.07432552273936682 
5236.848721463409    7628.213741841128    1        0.5105883586911334  
-3674.6653131975204  13851.84597048202    1        0.9320676000801997  
4779.284470761651    5231.556480775228    1        1.1314385316101763  
992.6722518690998    -13309.924289948518  1        0.5045804868973673  
-4667.648939221672   -9277.487994395882   1        1.0538814363524731  
8927.125639825274    7660.750263563084    1        0.30345002323508574 
