trucks_count 3
drones_count 3
customers 50
depot 0 0
Coordinate X         Coordinate Y         Dronable Demand
7315.897084345794    -9918.14760133287    1        0.7075112116424292  
8889.377675769523    13585.038513800891   1        0.15968666102613122 
5397.428962984601    8703.331874107365    1        0.10472719669306768 
-9904.769315434729   10824.528478546228   1        1.5052692864606703  
12101.388713059345   -2550.2430965616823  1        0.7685873614910043  
11714.579567658995   805.4795478420175    1        0.13886634039908693 
10025.558581358167   -7489.320901601154   1        0.40068837833063353 
-6324.160831430228   -13551.939434766658  1        0.7696395293771278  
10841.168470658384   12036.59625029283    1        1.1077350665760144  
-13928.452250719462  -12048.159718277826  1        0.620769145100202   
11278.32437026296    13825.909708972871   1        13.371136032519551  
2727.280822782406    5878.317124721705    1        0.06783981576987722 
151.80259914932046   15087.270062702553   1        21.14806037932959   
11738.19094416266    3291.318539441817    1        25.097765960306127  
-3060.904648654719   1740.2496512202156   1        0.38310198535282614 
-12958.582357023646  5150.152739532939    1        0.32112318119486083 
13908.919052569596   3060.3767272667305   1        0.7947045915080985  
-2487.088680074217   2768.7097327207425   1        0.5663359714977261  
2779.071257562176    7411.667640607092    1        13.886386791020856  
-3744.07008098107    2936.383187172442    1        1.0391588374101368  
15863.247357331025   14405.690660756536   1        0.7797593692756194  
10772.743804869007   -10018.987837379613  1        10.763432986114386  
15043.10450441361    11884.10284845828    1        1.113703960411216   
-5648.189705780007   -4470.881651240404   1        0.5934758198978225  
-6953.024847603266   -3963.7128827556458  1        0.23633503859401817 
-8918.244570346555   -4036.5657622103313  1        1.0484338617860873  
-14787.865835293502  76.43737000585328    1        0.7287168320032134  
-12521.781071076532  9360.395235703945    1        13.834018762746354  
8569.408219722825    8390.71429550746     1        0.9785983362594826  
-9518.894106866162   -746.2014266828921   1        0.2206046975214498  
5322.431707040342    -4833.380050416891   1        0.9534890067044917  
10582.898089669587   5287.501302203049    1        0.2059359144242928  
4587.7486333957495   12695.417782723316   1        0.7815019218696985  
-9049.832326333924   -4550.454391896987   1        0.6110033799616251  
-15987.74605838213   5090.737845429023    1        0.9150212570033751  
-11058.450718537657  4791.205549717431    1        0.278263409961585   
15282.378317517087   -3182.791538526312   1        0.46196479550630465 
-8945.089757712805   7043.132184355158    1        0.6705333887768617  
-1885.8898721192838  -6189.164844569112   1        21.01264973446605   
5668.373642573205    3565.0842338534594   1        12.10600942697734   
1260.056885818574    5183.98371228188     1        1.1307496338099898  
-8364.659056352959   -14744.365078567806  1        1.0096118907407858  
-15959.560353185025  -9994.717839798328   1        0.15167849831419275 
-6489.635189584546   10457.339974602488   1        0.21085632820723366 
-2598.772232251336   -7693.3064816792585  1        0.11988679943275804 
-6814.1881027047675  6203.545194465632    1        0.012199128821190754
8154.499518495524    -4779.711271007909   1        0.28080210376545034 
-6443.22487801064    2550.9303372294466   1        0.5763607027944122  
10882.43957553071    -1202.0454101737882  1        0.8943752519852171  
-11165.218831383683  5008.967948088236    1        20.545605190994078  
