trucks_count 3
drones_count 3
customers 50
depot 0 0
Coordinate X         Coordinate Y         Dronable Demand
11081.970554047906   21882.84440098664    1        0.07588326515062215 
1009.7924394085935   -19331.441146825466  1        0.30075784597882027 
22565.24115167266    18084.632477532126   1        0.7108142516456327  
284.2625478476531    12319.466534204817   1        0.9766644346985267  
23701.863532579533   -17827.242315438394  1        18.708162253880946  
-11668.06943011805   3628.3433134230013   1        12.212398457337322  
6966.613442783615    9125.346955512301    1        0.25270956630327934 
-13300.881342466842  -22562.261394740668  1        0.136028686034314   
-2631.976618456771   -3457.4745161959845  1        18.33828346760863   
428.2209975894382    9681.224591103517    1        0.6705062238631454  
-7777.694159510595   11795.066422819787   1        1.052798849055917   
-13783.424126357477  7988.936703430893    1        0.06263213251856523 
-15475.23570686349   5672.382756492956    1        0.7566019336381353  
-16523.17554022309   18242.870897818066   1        0.20052329542846675 
-9856.825075957133   7303.115530216784    1        10.309892076055476  
-3403.1244237101364  -20998.934445911316  1        0.3772780074779087  
11127.724065782899   15983.69907134138    1        11.828832894419113  
1250.8659617479561   -19891.361166622817  1        17.925661463598132  
-23937.485810612325  -23654.92570439629   1        0.1705495019333102  
-23119.43485185283   17835.086670273464   1        0.41626038605056837 
134.88564628583376   -6043.202724788147   1        1.058099501587781   
-23902.896657698926  -10965.462952792894  1        0.8374224332186481  
16103.483194600194   -5066.147345509853   1        0.9305319161286904  
12421.966004491389   2972.848104173587    1        7.283260685866272   
12025.022061857891   -23610.502134409482  1        0.42460117599204267 
-5621.963235054954   -8909.047434443793   1        0.8535874996310635  
-659.0249770565368   -21120.856226694017  1        1.0361840848995636  
-5708.264393388241   21053.835677430383   1        0.9410411149094189  
5720.232727344072    -13785.286830740923  1        0.9748586574861653  
-6487.461368891968   -18466.757697490724  1        28.626098489353662  
12882.259114231845   18379.171593319912   1        0.7731057985434793  
-4086.593448052093   19933.42302819527    1        0.3936670695754207  
13096.300984027292   19418.172981673277   1        0.29826187889930006 
13479.92873571114    -10873.718518647327  1        0.2072506015304336  
-16119.331830743859  23299.424331708517   1        23.411473922334814  
19228.405258967297   -14531.846790949026  1        0.7025319351528925  
-21262.254828078978  -17644.20718177098   1        0.23036008537145566 
23043.366247580474   16903.682995195737   1        3.1660157985808084  
12748.248192191719   6843.87933550864     1        0.700274912892783   
3573.2585202391506   -9754.68305660879    1        0.8870908027037825  
13280.688775351044   -10147.62493490294   1        0.1409310064681008  
20755.489809947852   11781.97871396031    1        1.032534716928631   
21581.66411696371    17874.61317328921    1        0.5046572924751838  
-23431.523227476497  -6443.644761645901   1        0.20519115002437566 
22319.228418610597   -13942.645819192554  1        1.034726078942215   
364.57374635893797   -16269.74337742533   1        0.7377452476766567  
-2773.3371838530816  -12579.101236879838  1        0.7079376208007113  
-15082.376203805366  -3883.430552320294   1        0.24609796183730429 
-9699.386978836821   15763.076955695584   1        0.6202427086544878  
-2117.8704910540996  8954.172855294339    1        0.9426555307361797  
