trucks_count 3
drones_count 3
customers 50
depot 0 0
Coordinate X         Coordinate Y         Dronable Demand
10969.520600640277   -6691.584782327031   1        0.4606211267984826  
-17072.290868702785  4585.045583516199    1        0.1086846217388806  
11379.794989421478   12853.812021624813   1        0.3526389003009653  
-7737.978288665186   -8712.218378722282   1        0.9282148307309462  
-3313.196925916128   21840.41440442683    1        0.04675283659025187 
3291.8025574258586   16561.07859231456    1        1.0346913766978403  
11498.790158553593   3401.3092850637704   1        1.1323547240526803  
11909.632500553727   -14444.910659564976  1        0.15995516649036404 
-17744.24286924293   18915.38939009983    1        0.5814679638338145  
22672.269447533374   -23044.79414415755   1        1.0270124774954936  
-9131.61781312797    -9802.711280697173   1        0.3075601430345526  
22186.766588158986   -805.422321912749    1        0.02268891093364414 
10511.862029715072   -1796.4582714389085  1        0.4013143682461834  
-11926.822990388362  -22632.16979927452   1        1.07929093693996    
-12105.569356768587  -1439.7510501961706  1        0.7472906339652923  
3095.2325863232413   -12369.091686615602  1        0.5003137996339198  
9665.556730600014    -9383.616613644454   1        0.8555239439919056  
-23241.97272039052   -4541.198427845213   1        20.647479169486843  
13017.682594221485   -1010.0569344867306  1        0.49938041810772604 
-14572.011961033593  7729.770218846343    1        0.33832756397413893 
9291.606624248408    11127.358546975178   1        0.632548161279514   
-15068.939798096388  15708.325722017453   1        0.3487409392385601  
15098.271814210188   -21813.521605030204  1        25.75134415310381   
-20895.302581196465  -12887.112321675757  1        3.986516597102149   
7984.359952383205    -1376.5560692769122  1        0.8638331991812399  
1762.0812011022676   -15596.720979442785  1        0.5119173162722882  
-5661.837819084569   -4829.5471083962075  1        1.0339325439150737  
5800.056162410622    15691.270939160242   1        0.6025596470279136  
-378.98845754891613  -5671.154743769072   1        0.026204728817653344
6653.31144660377     9230.636945591566    1        19.11785339223809   
-3799.5449591408224  5243.216977047895    1        26.304433524684306  
18603.991894489387   -23448.162803359326  1        14.651636199822544  
-10747.835854714063  3578.4607066724743   1        20.927354824892962  
10448.768363936153   6854.696464931422    1        0.6725127025892536  
10465.633566039842   7009.574871363705    1        0.9176106709120422  
22535.04895649498    -11256.525067921464  1        0.8056030709816469  
22759.792051900156   -396.97097326607326  1        0.7887433893189364  
19885.669558282738   -18656.98142876344   1        0.013864392439468708
-7314.333955530299   5520.812100710464    1        0.21675556193238935 
-14474.76354472709   -3704.322136241499   1        11.615219194901007  
13021.708787981552   -3094.3287567710504  1        10.405551731236963  
-2291.8394900905932  -8022.824498460745   1        0.3736661891836529  
-16104.140168879596  8798.959614205798    1        17.810556408094655  
-1461.7382256480123  -23984.171993040494  1        0.8461117562875952  
14365.226296052455   -23031.10096930574   1        0.4915260451499985  
-12575.924965618631  -20571.00779031384   1        0.11925486784525807 
14763.160563543686   -14678.017360633688  1        27.05793347117128   
-15241.759444994726  15722.036116512121   1        0.045260819191743996
3846.12467021379     -19886.585457663063  1        0.8146221429039701  
-7676.986240766727   5524.614825810704    1        0.9596275672043011  
