trucks_count 3
drones_count 3
customers 50
depot 0 0
Coordinate X         Coordinate Y         Dronable Demand
14781.727439901757   18262.94274917776    1        0.32277333309695005 
-22485.40023764578   -4718.571946187108   1        0.3517598852660709  
25708.785183062715   24381.091022757806   1        0.462902548037735   
-9113.216556277617   -14682.296492338075  1        0.06262096767667524 
-4150.743881036535   6382.903887814946    1        7.909950806280655   
3482.6621926847242   -15632.686983596654  1        0.6609953459386401  
14008.213915781635   -7346.591575937602   1        0.6550232036836139  
18111.260839020175   26446.587776140488   1        0.7457130489210777  
-22541.576642784457  -5757.292707808762   1        0.048939923747018235
6857.964231969164    19538.372210459103   1        0.2642628914678538  
24361.8821971652     -7924.742684790243   1        0.0783257132657134  
21867.90735954286    23482.446283234938   1        0.10778302045717941 
30027.742508768613   -24240.606129927124  1        1.119183779973906   
17347.912781120398   -3290.909617567629   1        0.03588067758416051 
-3123.483589560836   15137.654742991039   1        1.1200170031453764  
29791.960231816254   -1206.1505740870223  1        0.1980874059364687  
29767.394552049707   -24429.758965485427  1        0.34738113966959405 
27682.94184194426    -14929.465145503378  1        0.46244979951724097 
20658.1846420126     -15369.823078665231  1        0.1579021505547156  
-18884.704016387783  19346.52068367299    1        1.1170916594865663  
19517.53341071194    5917.300585070023    1        0.07133069268626763 
9766.878463601306    8770.572758826973    1        0.8562178843935231  
31426.49084934722    -18275.560997814908  1        1.1046418417923414  
-31246.954630642867  12204.852517134435   1        0.7193057469498882  
-8518.50117514834    26800.91377355333    1        0.9310830323024396  
-27681.882681477455  843.7665355779909    1        0.2561240451448625  
-22905.315507124353  -21568.869791810645  1        20.28535137227783   
23985.610450115117   25870.875829860008   1        22.702233663959404  
25271.111352636304   5962.585808385788    1        0.7932722818256135  
27814.781365606694   25951.33954100727    1        0.583514798834349   
-31486.33211399715   7847.84701343696     1        0.7658904553471343  
-9088.31856995753    4043.518005720287    1        0.08366192456822755 
-23405.920281553357  -17863.148067885635  1        0.3242914623105796  
-14058.11749030119   31634.804571434353   1        4.952401949971106   
-3048.512645809198   31901.27593055919    1        0.8476966136613641  
-26525.75970044556   5215.316427972827    1        0.1751922910304494  
-28131.305871604676  -29361.898980967224  1        1.0375615084564425  
-13679.916303787239  -2873.116399344117   1        20.370743945338116  
22978.329786057464   -10614.239083499268  1        0.10826718652331109 
-28972.82425413999   -936.9803853575282   1        0.9058232543097494  
2865.4194622217506   963.5715611465171    1        25.180441044049008  
14000.453328103955   -3082.3258739075413  1        15.13789140704463   
18328.619300662416   -7888.564267485439   1        1.6534013105870116  
22101.28295172626    -20071.551368176966  1        0.7039157557392517  
5407.790739666784    -3268.673722448992   1        0.663086867020212   
3625.620158744443    18142.10960611595    1        0.6306894917549706  
-7072.997959537983   -6760.866751102624   1        1.1332558685183118  
-12673.93780852741   -21038.76250989239   1        0.7771978454399724  
3704.196952327273    -19244.807602536042  1        19.47386998195864   
-14918.282370575818  14590.679935487991   1        0.7239296883789809  
