trucks_count 1
drones_count 1
customers 6
depot 0 0
Coordinate X         Coordinate Y         Dronable Demand
3705.5235870250635   1559.3149895763443   1        0.9170239101069583  
953.2162068470022    3482.7516372645136   1        0.7087742278672998  
-1234.6585081567373  6564.705305365925    1        0.9954805382943577  
-2796.3135899181657  6263.58486236893     1        0.4681966140356212  
767.7656739137758    6082.50819032525     1        0.7755464466491672  
2004.020681552962    -7544.709564232051   1        0.06012007494974693 
