trucks_count 1
drones_count 1
customers 6
depot 0 0
Coordinate X         Coordinate Y         Dronable Demand
3714.173638781885    1281.4403113697058   1        0.13040440227301978 
-2607.669508059546   2880.9755320140907   1        1.0147864973860408  
-7801.962557287281   6967.076165007338    1        0.6419902321588782  
-941.2642394609439   7881.40657583149     1        0.6538357612116562  
-4581.875773938015   3031.1498519761976   1        0.5706335791560622  
-1622.6464497528034  -6063.627865524772   1        0.3550698571572261  
