trucks_count 1
drones_count 1
customers 6
depot 0 0
Coordinate X         Coordinate Y         Dronable Demand
3712.7319634890814   4009.9860910708107   1        1.017494334326692   
3350.278270965108    -2383.1947174269253  1        0.9637844580987901  
-6707.411802495408   6900.014235161928    1        0.8899019526643945  
1431.7943220346929   -434.9304563490527   1        0.4338992282335076  
4356.431134037283    -4506.99022512367    1        0.98277905425531    
-6382.668474630001   -946.0081086742612   1        0.11691491035359838 
