trucks_count 1
drones_count 1
customers 6
depot 0 0
Coordinate X         Coordinate Y         Dronable Demand
7416.813875221343    -7795.553139651736   1        0.27682407979485174 
10261.442256836766   -4164.613809224125   1        0.8107783233394198  
-6847.520035480966   13397.657370872095   1        0.4996570803857062  
-15084.860466577491  13605.716894218642   1        24.925405173070647  
-2030.8958044529454  10130.77716867067    1        1.0852354964506716  
-9138.670057764586   -3373.0976762454534  1        0.5364300023522399  
