trucks_count 1
drones_count 1
customers 6
depot 0 0
Coordinate X         Coordinate Y         Dronable Demand
7413.930524635734    -2338.4615802495214  1        0.02993399495090497 
-10009.462664734612  -14692.955267347552  1        0.7597762840521691  
-4658.418525897223   13263.533990801969   1        0.7475688177888413  
-10338.743823206909  -3026.9566905217494  1        0.6881331470137697  
15845.718011497645   -4945.502985529066   1        0.3634009715499195  
13528.085412860322   6862.141837455571    1        0.29827505554861233 
