trucks_count 1
drones_count 1
customers 6
depot 0 0
Coordinate X         Coordinate Y         Dronable Demand
7408.1638234645225   8575.722018175598    1        0.6701338421606303  
13822.327971743318   -3562.8381835943974  1        0.6577721716824305  
-280.21598635042216  12995.287230661725   1        0.10941224190225539 
-846.5095772243626   -4105.504339623224   1        0.24826009795509146 
-12774.65483622185   -2911.264253169934   1        0.053711938646033575
-5512.002686648472   -4854.180094383772   1        0.9559451281461192  
