trucks_count 1
drones_count 1
customers 6
depot 0 0
Coordinate X         Coordinate Y         Dronable Demand
1859.2493323301476   -3452.0983939616335  1        0.87107465680486    
-2194.0561827564106  1290.043859599614    1        0.03381264904302997 
2503.892589168549    3584.1307374614344   1        1.032235070642329   
4016.48027783642     321.80871628138465   1        5.841211550392645   
395.0017510680439    -3270.614478741402   1        0.46817712006308154 
-1717.989947750256   -2661.5433282278054  1        1.0695347313633468  
