trucks_count 1
drones_count 1
customers 6
depot 0 0
Coordinate X         Coordinate Y         Dronable Demand
1859.970050071376    3230.3285962826385   1        1.117964724751188   
2873.6700476364344   3922.129224130469    1        0.08481470522789934 
1956.6172117726119   3617.661702384138    1        0.7843233670344313  
2829.9511169937755   -3566.722767628344   1        0.399601842431394   
3972.548297080394    498.455559808532     1        0.05603162806621501 
662.0210646883426    2826.3467933469387   1        0.17370971196221216 
