trucks_count 1
drones_count 1
customers 6
depot 0 0
Coordinate X         Coordinate Y         Dronable Demand
1857.8075371321709   -723.5527341657008   1        0.3772944871169665  
3763.891476363072    -3974.1268694620985  1        29.057640103557844  
3598.4433439604213   3517.0689275211994   1        0.3940784947557429  
-1657.1612805731172  52.171804006016046   1        0.873772277292186   
1286.6086590433426   -2762.054795651618   1        0.15848808715919574 
1568.6879074673716   2456.076308717532    1        0.593224803960854   
