trucks_count 1
drones_count 1
customers 6
depot 0 0
Coordinate X         Coordinate Y         Dronable Demand
1855.6451440981389   3369.266055291133    1        21.323810893730315  
-3392.587094910291   -3823.6827232443184  1        0.9127824188115398  
-2806.4306437569417  3416.4762725634328   1        0.0038336562722921675
1902.4264417651648   3671.066255735202    1        0.21396271215297788 
-1399.3309789937096  2024.134609077883    1        0.2609445293545576  
2475.3546303412254   2085.8058240881246   1        1.012739929754733   
